141
2943
761
2254
879
1386
459
1179
3287
1916
4129
2545
5006
1819
240
1561
1873
1404
2846
1936
6025
4187
1201
5036
1084
2281
4868
1197
5683
4197
4444
4331
5630
1019
881
5639
3078
5426
1281
1463
3631
4980
1347
1994
6694
4557
1989
6744
5921
5195
2637
3155
3004
5766
4315
6036
2780
685
4077
6588
2434
4274
2007
725
6656
6082
1020
5960
1497
6283
3738
3965
4734
6432
1574
684
1147
2282
177
5682
5230
1726
735
6428
1437
2167
1414
3343
2160
2064
6328
1958
4721
1761
2461
6456
5444
3187
2500
3418
2726
4111
5245
6059
2339
891
1810
284
6470
6539
5581
2133
1754
2929
3226
4722
4827
2713
5586
6141
592
4755
3638
661
638
1693
6442
3682
1229
1992
404
902
5969
1428
5599
4110
244
1808
5322
3360
4920
77
5658
5079
1220
1114
1294
5850
1608
1144
1921
4870
189
3129
1578
2457
5161
5851
3476
3081
2259
4407
4257
306
635
3094
2116
350
4249
4470
2492
168
3961
4946
6063
2056
3700
414
2201
3557
3539
5420
5369
5781
5732
6766
4250
5309
5419
5796
985
1093
4745
3111
5529
951
3450
490
6767
2280
1879
3595
1894
5399
6290
2959
2487
3957
4664
3844
5460
4219
182
527
6374
1153
6395
1424
3645
5431
51
1610
1031
2909
5001
3042
4447
4145
699
3614
4298
5554
2593
1526
4177
4368
5543
152
5719
4453
5425
6038
529
1319
801
1165
1469
5481
3787
6430
4313
4016
1352
3935
3420
5717
4430
3355
4439
2148
5843
2
1848
4769
3801
4115
155
2636
1688
4564
5955
964
5965
2567
4310
6079
1308
2255
4342
1045
2264
3149
3665
2112
4970
1092
3174
2836
3660
846
1067
1090
3859
1116
5024
6699
50
1934
4052
1557
3334
5525
827
6157
5995
5768
2352
1918
2619
3009
3441
5235
5593
5778
3771
6454
2569
3322
5523
5835
5897
4785
3550
1016
2817
5518
1598
4888
2087
3254
450
3720
46
4903
3480
4437
2082
187
543
3021
4021
3721
4472
4196
2522
5704
4394
5070
1616
2891
3686
5540
6302
239
708
1127
883
181
2181
6390
6645
6295
80
3243
6246
5716
4004
1342
4662
4505
1325
755
2538
6557
2288
3507
207
5953
3030
1757
3035
4974
4840
3148
366
1277
5075
4538
6088
3144
2501
3943
4851
4039
4560
2756
2412
6020
4086
4754
2874
1379
71
746
1010
1218
4033
5258
4385
4002
3116
5267
3526
1048
759
920
1435
4487
6569
3841
2705
5141
4901
1986
6261
3084
1358
5948
1706
5325
707
1769
4558
2448
1852
6500
1183
6221
2583
33
6649
2094
1133
242
4743
1897
6781
1796
1328
2063
5966
738
1777
4272
4159
1389
4502
3642
4506
5614
2888
6305
1866
6731
3487
726
825
1745
2189
1720
5633
5654
5122
577
1667
2261
915
2906
2667
4125
311
1677
2601
5988
1681
5295
2393
6421
4694
2362
2505
4173
6399
898
2210
5628
1109
1959
626
5335
1472
3768
3708
4944
4748
2792
3723
3163
3272
4922
5077
1932
6727
16
4548
5990
515
62
3167
2010
3884
4893
144
512
6422
6175
5318
6729
5624
2483
1663
2277
1843
539
5552
2642
6385
6083
4771
3000
3110
1072
3936
3775
5565
5666
3856
3913
2514
1982
2757
2961
2571
3612
502
1079
5389
2630
2517
4928
544
3112
5950
3205
6761
303
4443
3762
5807
5588
4916
3975
899
6367
5561
3189
1979
2588
5777
864
5472
3285
716
4659
3780
3337
4464
1907
3273
154
1055
5605
6730
953
4509
5171
1341
1314
3889
1760
1005
6172
4685
222
4325
6012
4045
3922
5236
5120
4089
1572
791
2361
103
188
5698
6388
5200
354
4150
2508
1928
2942
6054
4302
6183
3560
1738
1034
2737
6600
2157
705
858
5528
4738
4495
1520
1316
2227
906
5821
2328
3669
3477
2952
3520
3346
2297
438
1839
5691
714
2451
3128
1291
6440
6762
5748
3567
675
1552
3706
195
3531
4176
353
251
4854
192
6210
4066
6740
4639
2744
4627
5566
1972
3675
5943
2586
124
2795
4262
6492
4189
1571
3687
4781
6564
6338
4543
6544
6408
2773
5846
2209
1420
5971
6344
3692
4343
6554
238
314
6517
1270
1533
5606
4682
2598
5841
4532
6035
6779
4201
1773
3933
6030
6094
2479
1521
521
2714
3100
1774
5923
6683
1618
5785
4860
6481
5999
377
6097
1985
4765
2908
3713
6597
6397
976
3969
6584
5976
1864
297
352
760
6106
832
6078
5156
3271
232
4812
1189
2285
1922
6603
2001
4573
4193
6001
2298
289
6701
2968
3578
949
6723
2320
1523
6296
1143
5016
6559
206
6416
5110
647
1470
6661
3352
6041
3896
5730
3324
4643
6005
5908
2014
2188
4092
5360
4273
5181
4417
2804
5813
4364
5158
6522
1381
3902
545
644
1338
5368
2306
5477
3656
3057
4335
916
6599
4285
1198
4960
1446
586
1288
3950
5759
491
731
3316
29
2865
26
3479
4292
3233
568
6591
600
6380
265
1106
500
1021
4332
4035
3829
3058
649
2085
4601
1779
3997
4303
4964
5207
3661
5291
6381
3722
6256
903
4897
4344
451
5461
5942
3196
1209
5216
862
3568
54
2826
24
655
4268
2484
1753
6467
4634
1236
2482
2088
5637
3848
3087
6651
505
278
6685
3082
4825
1877
290
3633
1870
3202
145
3328
3878
2135
2555
4058
1115
2377
2234
4270
5672
2592
2257
1075
5221
2537
1464
2311
309
1186
4152
3937
4871
5589
1869
4797
4144
5081
2326
6093
3683
6031
6043
6574
1129
3966
14
5008
1418
4915
3846
5798
5440
2469
4687
3679
5173
1175
3725
4042
6377
5627
6746
1068
4962
3696
1499
149
4366
901
2955
5513
1930
4354
3498
5935
588
4994
3925
2932
3370
1065
2810
1340
4802
3150
1947
1795
2643
817
2989
2921
6384
6657
624
3986
5214
2580
1400
3172
6373
2313
2789
835
5755
2340
5212
1487
4485
4521
3373
4829
5602
4392
5644
634
4637
3769
1990
1510
5949
1615
3003
2670
1375
5604
4135
3423
1035
2573
5437
5205
4567
18
2384
4260
637
1164
4943
3268
4231
95
247
1286
3122
4644
2314
2168
3833
2939
3432
1376
4579
5449
2289
5632
6533
2423
4324
338
3672
5901
1555
6360
3052
5986
4666
246
5142
470
3180
5217
6389
3431
2410
1951
6114
3109
3547
908
6573
3312
3466
3217
6134
2232
659
1087
6254
5692
5138
4569
4065
6674
6312
6616
1682
389
5072
372
184
3221
370
656
2194
6506
1257
2729
5863
540
4977
1908
3291
4821
2979
6792
6192
1665
5617
4504
709
3646
3967
4900
4547
3946
3663
2938
2977
1377
4299
796
6245
1545
3886
3449
4810
2764
398
2460
2051
927
5979
1038
1362
5093
5649
4617
4122
5157
4059
2834
1938
692
2374
2898
1100
3574
40
633
6244
2801
5636
460
55
6448
6555
6502
3135
1954
2045
4337
3241
2139
986
913
5065
711
5015
5877
6488
5892
6528
2035
909
3564
1170
1973
3540
2540
2666
1547
1440
2512
5826
2006
1104
4794
2256
6468
2266
1772
5501
6617
4503
6010
1581
6240
1976
421
1722
4353
5055
2733
1269
170
3861
2402
5334
4289
4095
896
4835
2504
337
623
5279
1881
4711
423
4480
3463
280
217
1159
6668
1465
6046
5601
6144
1036
1029
1027
1517
4619
115
2262
6017
5838
6247
4724
3279
4375
5823
4861
38
703
5241
4496
446
4517
6213
1396
4026
2345
3197
5869
1732
1494
6280
4330
2092
3288
3093
4914
4094
2749
808
4733
4628
4911
6225
2371
1673
6055
3102
3880
6185
665
2220
5043
5629
6099
1575
1535
6284
2043
2584
2381
161
3681
5514
1466
5303
5087
937
6604
4117
4651
2233
3166
2671
4118
5642
3602
6065
863
1490
5047
2016
1874
538
235
173
3806
3297
2391
1865
2824
745
3054
5119
5631
3490
3617
5876
522
2969
3911
1063
6650
1254
4665
1684
3931
747
2693
5640
1563
5136
81
3085
595
5824
467
4454
2024
1617
2432
1638
4850
2069
5973
6366
2707
6143
3139
3204
6673
718
571
2190
4991
4844
1636
479
3427
6707
2005
4508
6053
614
2350
5568
6070
402
2455
5504
5031
4668
4698
6187
567
1577
2681
3934
1307
2018
5324
2958
2454
3726
3313
5050
4356
1172
6064
609
4819
6444
2638
2073
1405
3453
4209
3604
139
218
671
2458
3358
5954
2490
6236
5731
5522
2734
4633
3819
3893
4158
3852
3636
6619
641
4306
5913
3513
1791
5726
6505
6404
574
3041
5134
1734
2755
4978
5792
2946
5400
437
2546
1664
3395
3493
3622
3603
1253
148
1278
489
3909
1970
912
2787
260
1620
1212
3522
4578
4691
6714
1407
658
3238
6525
2887
3283
473
5551
3258
769
4171
1719
2797
5920
6501
6775
4997
2766
971
706
6223
4932
5616
1729
4727
5572
3134
1391
465
554
1059
6219
6663
396
2582
3960
5560
2591
2218
1653
4910
5839
3455
4157
3826
2360
4787
1336
4479
2353
157
3930
2198
533
3314
2596
2672
2076
2743
605
6332
212
5432
1637
1006
6461
3729
3765
516
4175
1845
409
5213
6639
842
1893
2050
1160
1914
5712
5727
6776
2618
2206
3532
362
3545
2022
3605
440
3891
2544
1051
3033
6653
323
6640
3857
4648
3579
4246
69
4989
3613
1697
6725
6258
300
2012
2356
117
245
1101
1444
2029
6353
3501
1626
5701
1857
4223
1739
782
700
3422
1402
2856
2981
3024
979
6148
2208
3336
6630
5739
4025
6016
2621
5820
5718
1168
6443
4658
4926
1235
3587
3448
6023
5348
5699
5233
4166
4244
1151
1825
3714
3488
2760
5249
3458
1642
2137
654
5804
4773
2228
4339
3915
4445
1512
1318
1656
3637
1471
712
1239
6365
3290
3392
5218
4985
3014
3905
6169
652
262
4533
5488
1809
5754
5663
5089
1935
5298
1711
1302
3234
2747
6724
4099
4372
3834
2477
3747
1765
42
1595
836
779
196
44
4924
2079
2186
118
4452
1957
4123
534
6534
6197
3843
4215
4265
2213
5060
6180
4740
2358
3351
6503
5172
1585
3229
1786
5022
5312
6406
3944
1969
4942
6474
936
324
1215
5924
5176
5684
2130
2730
5862
6420
1007
3674
917
1710
1448
2774
5232
1607
4384
4061
6267
5809
1001
2654
35
2996
1097
3947
4140
1828
3955
4134
2957
4188
5194
2631
5453
3837
2549
1138
5085
293
6499
1211
2519
4293
5261
4759
996
2180
2003
2497
2031
3748
4181
5559
3027
4744
5587
4075
2832
905
223
1643
3320
4869
3677
2271
4473
3596
6493
3629
3792
5595
5473
3264
3259
6447
6490
2515
1701
1263
1750
800
3740
6543
507
5152
5308
6300
2507
717
2333
4326
2385
5483
322
6319
6170
5808
3546
5967
6232
1461
859
5584
4101
3912
127
5151
1991
6396
2602
1742
1290
4817
5855
5580
5222
6108
264
4602
2267
4404
5407
5385
2556
553
6403
501
4587
1049
1708
2183
5737
1735
6507
4405
1360
3691
2975
3516
2212
3491
3471
5331
1910
6551
3598
5004
2039
4127
5252
332
5519
5741
6096
6721
3580
4478
4863
5492
6159
5144
6379
2445
1993
194
6765
6101
6194
1110
4493
4500
5970
1323
4544
3008
4426
294
2516
2871
3330
164
701
4434
4788
6764
6264
1488
3365
733
5909
6643
3906
2084
3154
3402
2982
447
1088
4972
900
1948
698
6149
6146
4
6667
662
3380
933
5185
6748
6237
2999
1790
573
2134
236
940
4596
292
4228
2870
6713
766
5932
15
1824
4949
5395
5750
4308
3786
1228
6458
4415
452
6475
5651
97
2406
5652
6745
5080
2141
2762
343
5456
6516
2655
6548
1600
2611
4862
2394
3182
3124
767
3981
1751
4295
5775
3751
1050
2330
1158
6323
6550
3417
2972
171
6618
4238
1041
3882
5225
1268
804
1204
1770
6780
2407
5054
2105
4645
3678
2895
5549
5974
3281
2125
1878
104
843
109
3472
1226
3347
5495
4386
5931
4507
2441
5126
4792
5391
131
329
6769
4190
4705
2542
2146
3059
5893
762
4873
4890
1
5940
13
4934
3941
4735
886
2044
3982
4795
6216
4229
3213
2867
5029
6734
4958
3793
2417
4349
3430
4243
3011
1929
4833
5354
3156
5434
2941
6355
4365
5346
6167
2715
3664
2990
1095
5975
2151
2476
3251
3092
4362
6370
1452
6273
5265
4218
6281
935
4490
2117
4378
3483
3610
488
96
4889
3972
4276
982
5289
524
1126
4798
2772
2509
2539
1832
282
4822
6425
5898
5094
2144
5844
4287
2380
1698
6361
585
1756
1482
4594
2640
2945
5994
4169
5511
3517
847
3029
872
551
3942
6479
4382
5721
4469
2877
2344
403
5925
2042
2587
3188
1613
2049
6200
4032
2239
1330
4846
2242
3227
6321
1344
1495
2310
4828
5618
163
261
6356
6523
2286
5728
535
3219
743
3207
871
5625
1905
3959
3778
4640
1559
5888
2964
1565
384
4559
3876
5287
2803
3143
6168
6139
3551
1912
129
4647
1743
560
422
5626
2021
6441
6426
1384
3381
5485
642
3055
4300
2716
1671
2395
5985
3867
5592
978
5515
2033
1558
3583
3454
4128
1349
4611
3712
4206
3401
5439
2200
5700
3766
121
249
2312
5382
3298
5671
2738
5647
197
528
3321
5613
6242
114
1118
6098
6263
2782
4707
3065
361
5801
5344
1678
6783
1683
934
313
4023
1442
6029
5784
5292
4809
2585
1804
6755
4499
3789
1884
1623
838
3818
2919
4913
5710
5475
950
6642
4896
6021
6480
851
3470
302
1504
3199
2177
2614
4563
5806
4608
962
5046
2696
3186
3364
3425
5787
2346
5327
98
4753
3231
415
4728
2712
2351
1674
5875
90
1522
4192
2739
5135
3118
6150
3810
2413
1066
2034
5196
295
2421
4981
2437
3929
190
5411
6580
3952
4195
3489
4837
559
1974
2830
2199
807
1449
2182
2626
6009
1028
269
6394
1094
3348
484
5408
1837
2123
1622
3503
1359
562
475
1372
4327
6592
2053
4441
12
3849
2026
160
1238
1645
57
4516
1216
4669
789
4667
4131
4351
1899
4695
6255
1612
517
6682
3225
2829
5058
4471
4420
2253
1815
1069
2873
3376
4986
2260
5569
2570
895
3597
877
1373
374
3626
6752
786
4519
5051
740
3088
5442
1279
837
480
37
785
2853
1453
3948
5071
5564
6627
778
4715
3108
5234
6526
2831
5882
86
799
581
214
6670
6677
771
6706
2263
5263
4574
4689
1333
2676
3170
1821
5643
3521
6478
344
4369
547
6601
3230
5328
2020
5189
6491
3090
2279
849
6508
5466
910
6405
6
3970
2459
4953
2108
5856
474
4245
1232
610
5578
375
1700
3486
4586
225
1898
2107
133
1631
363
1867
6145
6306
3851
2776
4818
1433
1459
2857
4995
2566
1169
1262
1614
2415
2442
4409
6587
2325
5095
5208
6050
10
1476
1802
3667
1931
3270
4338
1223
6136
5685
6008
1395
2284
5816
5905
6171
3795
6173
6738
3742
6204
2364
3823
732
1015
2231
2165
3262
369
1680
3327
3985
4801
4271
1078
3781
2171
6174
4739
1311
5316
6336
233
5131
5108
566
3245
4555
5062
6549
2796
5502
2004
5422
6770
3067
6433
4908
3301
3446
4650
2833
3408
5900
1044
4737
3606
1524
1516
611
6545
2590
1454
3758
65
4370
1538
6113
1430
2204
2868
4081
1146
3767
2728
627
4710
721
443
6452
6418
4692
3919
2594
1939
6415
6037
6351
2931
1134
3651
5048
2663
5251
4982
2645
2170
5555
2924
6322
6002
3652
3203
336
254
1309
4015
5479
3808
5127
1715
5688
5747
2967
5709
2028
794
3378
3655
219
5711
4328
2718
3854
2840
4435
48
94
6347
3141
4630
1086
3211
2331
1002
640
1998
5007
6195
2622
4374
5160
4523
3310
6538
1923
4951
639
2615
2124
4183
3732
5338
764
866
5936
1657
5166
5018
3797
1178
112
378
1064
768
4336
6201
5306
4891
650
345
4937
2349
5527
6563
1744
494
2091
4009
4031
565
5433
598
1851
3136
1356
5864
818
3887
4816
620
4317
2807
1141
1567
4777
5582
2203
6177
301
1240
1071
3164
5030
6742
1892
41
4006
6090
3069
3563
2551
5356
5815
420
6614
4783
392
793
156
2099
1182
2436
5842
3548
134
4038
2910
5745
6042
360
6151
3323
1519
5603
3399
2689
5800
2677
6576
6153
4433
1113
3555
3043
3130
3855
6343
5177
6022
3794
4570
3478
2777
2863
1246
2396
4153
3289
5211
680
6047
4203
6453
1119
1419
6211
2701
2389
6376
371
1997
1250
5536
1394
3824
4511
3528
1011
4894
3414
4527
3890
1401
2886
3494
2142
1966
4147
5548
821
3499
2988
5506
2675
3106
5714
2825
2431
5049
4712
3461
6702
4073
5635
668
1261
3543
4686
3286
1798
1265
5576
1266
5938
1817
526
754
2150
5535
3275
5493
162
558
820
2842
3903
5753
1768
5457
4539
2603
4355
876
5183
2466
6509
5226
5387
1628
6624
2986
5202
2933
2900
1082
1390
2205
6733
2911
810
6774
5570
3168
4501
5946
3749
6127
2965
2324
1542
5450
1747
6412
3304
2890
4581
2383
3926
2998
3954
5980
5300
4726
3585
4281
11
3218
1968
870
5655
4678
5696
1245
6122
4070
2249
5227
5169
966
317
3475
5403
2251
3584
845
3447
4083
2993
4457
884
3363
61
536
924
6324
2623
5285
2600
5962
5117
1611
5210
925
5379
4440
6679
400
5104
1256
3132
2860
6751
2751
1759
6164
99
1672
59
2848
5889
5868
255
518
3571
3953
1244
2866
6791
6262
1193
591
3158
2597
448
5377
2752
2644
1387
4632
1108
5670
2283
2903
1192
469
2845
5733
1343
5780
1588
2129
4577
2057
751
6510
1105
4530
2562
4141
5769
4626
1177
6562
3318
2735
1999
5290
2405
4234
6520
2488
4410
430
3349
3474
172
1632
5866
4288
5871
6561
594
3333
5656
6532
748
2595
1475
6326
5083
385
53
4806
1586
1243
3284
5182
4403
1013
5038
3616
636
3260
4461
4607
5441
1303
5297
312
72
921
980
2915
3872
5404
1762
2883
4051
6709
6413
286
1399
6087
3650
3095
5828
433
1788
2465
390
5657
6464
1176
5761
3210
4428
6693
6681
1654
183
4631
1052
3821
5767
4606
2154
1018
2669
1248
2897
6015
2245
2529
809
3730
5533
5140
4212
1258
5023
2077
4919
2935
2612
2525
6105
2779
346
6697
3369
5091
1009
6123
3805
5697
2443
2862
5817
4933
5899
2700
1022
6208
1785
6301
5776
6217
719
4681
2215
959
2822
6350
3145
2332
2879
988
4488
1834
1155
5057
1233
1156
3017
806
2572
3968
3404
4222
1456
5116
5573
5000
3875
784
2493
4874
6116
1460
6320
4879
102
1675
5388
3625
5342
4068
4546
3983
704
2627
4718
1891
957
1327
4143
203
5336
690
664
1142
3393
5358
6414
5341
6741
2309
3615
119
243
2973
2966
2520
3576
6537
3773
6589
4784
5480
5687
442
739
2971
790
2719
3628
444
1173
1145
4100
2278
1208
1875
4653
3379
2536
1026
1889
3117
6286
4232
4929
5594
1658
6119
3600
6531
787
5416
860
5470
2560
477
28
3246
419
3457
3800
357
4589
4393
5153
5779
1514
6439
3611
2095
3784
4758
4230
5143
3601
6348
5508
5017
4654
3192
5829
2741
5418
6665
2680
4841
815
4701
4642
4462
5321
1861
2617
201
4898
2101
5742
5330
2685
3798
5201
4390
3495
3558
1544
5895
5430
6581
6331
4674
6241
5462
4247
4350
2684
60
2430
5111
4458
758
3342
6518
4105
6631
5621
6007
1317
6073
2717
5053
273
5305
5137
110
1940
5788
6125
2452
4696
27
4875
6641
5822
4720
17
487
250
5192
2953
6608
1073
6521
3016
6760
234
4167
2838
4436
6743
6716
4227
4000
1148
91
31
5957
4983
4097
4041
2065
283
1312
3353
615
5577
108
4340
3436
1234
2606
1627
616
749
2983
5459
3649
3648
1573
2683
85
6419
1771
5064
1548
339
3383
1154
2657
4240
1149
6606
3711
5319
6410
736
5989
6154
6033
3119
2859
2172
3525
5725
6019
3253
58
5620
2635
2805
153
4834
5275
5238
6586
2000
2809
113
63
2653
4703
6763
657
4838
4497
3657
6161
2722
4568
3680
454
216
2062
1150
6314
1337
2923
4012
5679
788
3582
5438
5870
2574
1904
3308
3923
839
1826
4604
4082
4620
4357
5105
4466
1157
2304
6297
4763
1766
1380
2786
833
3892
1871
3302
6062
6560
3590
3097
6558
3868
4036
3123
84
798
6737
5638
5782
885
4079
1582
5323
3561
1122
6623
6152
2110
3900
6476
271
1731
6758
151
2143
3864
386
2936
4923
6582
3388
1320
1647
5919
1797
5125
3759
2040
2127
5724
1840
4582
5583
3375
2706
1498
4160
3411
1274
373
4535
1800
6207
2557
1450
6052
5271
3265
1687
379
1587
5512
4387
2121
5102
6686
2704
3046
1206
4528
6675
4001
2071
3518
5286
2991
4133
6610
3020
5832
2629
2403
1960
4113
587
4561
3753
1392
5471
6787
929
1669
1285
6556
4397
3519
1098
6189
4513
4029
1457
1187
5756
6069
4684
1368
1363
5107
1103
6590
621
5939
3190
2315
5148
1500
3869
3504
4220
321
4824
625
6708
3215
2155
6607
1651
5646
5857
412
556
6512
887
3459
3412
2225
5608
4656
4688
6080
1305
994
4148
6369
1447
5917
5861
5911
2032
6086
2798
2843
266
5500
710
6182
5904
3635
5482
1507
1978
3062
5273
4429
1746
1413
4481
6553
405
3508
3899
3386
2047
2287
1876
1566
1107
4955
2934
5282
376
3039
5837
5283
6292
4660
4264
4971
5723
6011
984
3194
6162
5373
2367
5945
2674
4541
305
6786
5959
741
5412
1383
2184
3618
471
824
4571
4708
1474
1271
3688
1913
3559
4672
2308
2229
6585
4529
5215
5332
911
3535
922
5907
3644
3741
2207
3252
997
165
4742
2363
6044
5115
5547
2962
6666
6790
6067
4961
2778
4999
1789
6196
4892
2847
5517
132
5929
5770
617
1382
2876
1926
1431
1221
4768
1737
822
6473
5550
4576
1324
253
211
1166
679
2632
977
4165
5002
4956
805
5372
2399
1823
2265
632
1630
1807
4826
3280
1506
4884
5825
1241
429
3276
1539
5937
210
5149
1847
1829
3232
4536
1012
861
1252
3419
890
1624
6407
5421
5765
6215
1332
5009
410
359
3223
3702
3883
1880
6654
3761
5320
6206
208
770
5028
5406
2785
3018
1661
1792
5984
3200
5146
4022
2607
4162
2061
4877
6198
2023
1758
2478
5476
2083
2799
3398
5112
483
602
3114
368
4830
4542
3951
1554
6026
407
2940
449
816
6190
4540
5678
3179
5164
3885
5667
5874
5447
5791
5762
4468
5928
6085
713
3932
504
3962
5011
5887
4087
6129
772
5084
4476
434
4832
2359
5284
4704
2732
2369
2905
6335
5039
6565
6383
1903
3300
5040
49
4699
2498
6719
5145
2690
4067
393
6547
6363
6391
349
3178
509
6445
2357
3901
3776
221
3502
478
4714
4747
4646
1091
1441
6076
1200
2317
2687
6494
6115
4725
6228
1971
5175
2506
4064
2679
4697
6446
2409
4432
3206
5619
878
3736
2299
4283
2791
3719
3641
4661
2216
1902
5836
1551
2025
6611
3169
3413
1477
3756
158
6229
3050
122
1295
3510
1162
3257
663
427
4096
1949
4526
4683
506
4719
4199
1541
2947
6628
2724
2334
2745
334
1293
4551
6646
2303
3796
1365
365
823
4019
6524
441
2494
1528
2553
4629
4732
3920
981
3439
3772
64
4930
2420
1925
2269
2954
4907
5254
2111
1130
5859
1778
5486
226
3873
4346
4848
2980
6652
2379
2471
5203
3689
5187
2841
5276
2800
5288
3325
2211
5912
2404
5998
6147
4593
4047
4992
4993
1326
628
5918
5393
931
5854
3639
4935
3256
3988
4772
6274
5463
1467
780
146
969
4595
4460
3814
6318
5707
1532
2748
737
5993
5167
850
6768
5410
5563
6398
5174
5370
688
4717
3464
4329
6327
2503
5805
5579
1767
6672
4610
3406
4455
968
5890
1603
6238
3105
2159
5961
5193
1556
5662
4465
5465
6034
4764
4673
812
4130
5744
319
3274
4269
3995
742
3028
6747
5847
2818
4138
1860
2060
1749
2673
1856
2893
5179
1692
6644
2009
3061
5797
6239
32
4423
4938
989
5496
3979
2327
4779
458
5963
5653
4216
4624
1485
1924
2059
2418
4406
3161
2763
4078
5339
593
2613
2398
3707
5448
5982
5810
2889
6622
2187
5789
1354
2994
6275
5014
5689
463
2697
2849
4431
5484
4242
3828
1432
5491
1227
2650
3718
5941
4091
5362
6233
1605
1540
2530
6572
4291
5574
1962
1403
3444
4116
3888
4562
175
3387
3735
304
5956
3096
2147
1724
1835
4037
2916
4163
3397
4553
1408
439
3987
5436
3750
435
1171
3676
2041
1426
2531
3307
277
555
3359
6315
406
1039
2711
19
1136
3562
4398
6728
4909
3858
426
3763
4613
5155
3907
3592
973
3066
5129
2963
1237
5133
5772
4085
6793
5445
2090
3820
1117
4820
1120
4975
1996
4305
3296
1995
3804
1434
1604
6357
6166
5082
3295
1496
4534
3303
3345
341
2869
4677
5494
4071
3533
2852
5307
1083
4580
1455
1000
5622
3329
552
775
34
1679
4467
5409
281
5546
5544
2927
3091
1203
4583
6465
645
3842
276
5224
4494
1023
263
3977
4107
6621
1125
5530
2625
880
6690
2481
6257
6634
5799
4741
193
2753
268
3744
1801
2510
287
4778
1659
3040
2106
2066
4294
3185
2978
4925
503
1251
4729
582
4780
5669
4014
5878
6000
4902
3107
523
1666
2543
3309
174
1489
3442
1941
3344
3311
3704
2140
5567
2794
3549
3754
4789
1635
828
147
4814
5435
4566
5598
1184
5068
3573
6386
2775
6276
4034
5041
2453
4106
2008
2173
4954
1728
1690
6529
5498
3026
5397
4307
840
783
5736
6330
5130
6438
4028
1298
3266
5417
1167
128
270
4842
4762
6411
4347
5597
1479
893
2293
3927
5883
3481
4474
728
991
5926
3242
1562
4663
4857
1393
275
3424
4917
727
5159
3586
2291
1927
3739
4793
3356
2578
2078
2767
413
5086
5220
6615
5414
3115
6536
3157
5811
367
2169
6375
3994
4638
87
2195
205
4210
4622
834
3053
456
6243
2319
1868
2449
4161
1707
2997
2944
2386
2217
2244
6735
3685
597
2793
5623
1820
4388
3372
1590
819
939
425
5223
4776
6121
6402
5178
4612
5423
5521
2703
2223
750
3577
4108
5281
2928
4767
3389
4988
6131
4427
3374
4093
3897
1716
2149
1619
424
4904
2987
356
2855
252
88
3524
3396
5675
6609
4621
2354
4757
5516
2819
3830
4314
1074
6024
4003
1695
1230
669
4885
2984
1794
5831
6112
256
2175
2416
6111
4284
3733
3212
1247
5067
5458
3357
2131
2098
5645
6638
2511
1911
3405
3850
1267
6212
5734
1568
4865
5209
5556
2904
1787
4380
3127
1702
1493
5910
2858
1844
914
6782
2438
1703
3125
3782
1584
6698
6126
1313
6124
868
3184
5872
3908
1421
6726
4320
2579
5314
1284
2378
6289
579
4180
6664
1764
1546
2651
2758
5124
3731
5228
399
45
1102
6345
3599
5428
974
1686
3630
2158
416
3367
2447
4322
4486
5118
4046
4139
2559
8
854
5705
5114
4615
364
5927
5278
6477
5106
22
1047
2662
4224
5490
2827
4309
5760
691
1854
3991
3653
4132
2620
209
677
4839
5063
2985
5090
5021
1886
1803
5720
6155
3
4598
1639
2499
4211
2647
5834
5487
1484
5607
1811
2355
2321
3921
578
2250
2495
5073
5363
3315
3400
1733
3709
2318
1662
1322
4984
2273
3895
844
1953
3764
4655
1355
1644
5396
3051
130
6648
5402
589
1339
2563
2702
6251
5665
3791
1275
6091
1709
3815
6184
5190
1592
3469
5894
4202
6429
4804
3999
2561
82
3429
5952
5034
1422
720
3743
4831
2440
3101
3013
3506
3894
78
1883
4950
4214
228
1964
4616
1633
3034
1135
2725
3385
2496
3949
3870
942
948
3760
3075
3410
2558
4572
3121
4063
975
1775
604
6039
1601
6107
3783
590
1730
83
6749
3445
2759
4060
2568
5010
2992
3845
4912
2463
5916
1174
6636
2074
2926
5814
5446
3468
3350
569
1646
3963
6231
715
2329
583
4761
299
2368
2388
6209
3384
2196
2907
3511
4414
4318
169
563
3703
2272
4400
6279
2918
6272
5302
328
1576
5304
5357
5293
6450
853
3690
5056
6354
4973
2145
5660
4395
6566
6546
4584
530
2727
773
6688
5340
3133
1458
5509
4363
4253
74
5944
3552
5059
6435
6449
3871
241
5758
6130
2535
3183
3717
1502
5526
73
2604
3049
857
5702
4226
138
4880
3377
1511
2307
672
2922
3701
4518
5896
6575
3538
2120
3698
919
3537
1370
6014
2861
1799
6137
3693
2081
4103
1292
2390
6732
6437
2914
3825
496
4251
5764
6629
1076
1591
3542
202
3428
6045
5972
4600
689
1841
5375
4998
2075
411
2295
4399
1205
401
6633
4996
5763
6277
4450
4475
2433
5076
3036
3071
520
2815
4424
285
2138
4137
537
105
4011
6165
1427
6678
1984
2731
4947
3928
5740
2527
3048
1501
5499
2854
318
5609
6496
5849
3530
2812
6027
5247
5867
4554
2576
3866
6469
606
756
2114
3594
2823
213
6700
2335
3527
4156
4939
797
1053
5248
4301
6689
3831
5757
333
2426
6309
5947
4883
2656
3147
1199
4510
519
1219
6040
3565
2191
2153
418
2464
4491
5154
1032
5713
6003
5003
6191
6049
3038
1980
3012
395
4296
6785
1121
4358
6595
180
3879
607
5840
1901
4017
432
1863
4959
3607
3228
288
4233
4512
1058
570
4290
1696
2808
3023
4254
3063
47
2881
2875
2534
3083
5311
3415
557
3666
20
3361
1224
5361
5424
6759
4588
1334
2489
6248
630
5390
495
5027
6160
5061
5264
6612
2661
3774
6260
4056
4936
1723
391
4027
355
1741
6259
5507
2072
1961
5280
5413
5092
307
3807
5468
6249
5964
3335
2678
2589
6712
1640
6424
1462
6757
397
1655
4965
1830
1550
2387
2814
930
3553
1503
93
3836
1740
4774
6722
4297
3151
2746
1004
5865
2913
2429
4312
4957
2097
1536
1388
5359
3326
5694
1529
2058
5121
4652
4371
2664
39
1260
2736
6753
3734
388
4858
1085
6199
729
5677
1593
5978
3918
5100
2816
1983
1660
2294
6371
1849
4136
2723
3752
3146
1335
3813
3292
3195
3839
4280
2122
5013
6110
4088
3045
4805
4114
6265
6662
4179
4790
3434
4963
970
2646
723
2665
2080
2408
4074
3715
5066
5294
5366
6158
2480
4449
5260
1042
3249
1371
6100
4008
1425
5752
3697
1944
5147
525
5852
1214
2382
2342
1909
3142
4635
4053
5830
5398
856
9
2370
4304
734
1579
3710
6048
5150
6567
3699
4151
6423
5168
4146
5191
2176
3673
4921
4525
1580
2686
308
5933
3056
5198
2424
4990
3671
2038
2128
2372
6626
6625
1569
1423
572
1406
2691
4109
486
5052
5455
923
2427
1915
5371
2609
1602
4872
6359
3006
892
4592
455
1014
2103
2347
4376
4005
2002
5695
1882
4531
6378
5078
4968
3047
4484
6514
4590
5906
546
5681
6401
1967
6202
2960
5634
2872
6460
4024
3973
841
5069
510
5257
1353
2974
6462
2813
5987
6081
6498
3940
2425
2036
4731
6658
2192
3632
972
126
2610
1398
2474
3354
3236
5650
2633
6392
1816
1378
3492
2193
2526
1943
676
5032
3737
3529
4482
5591
2828
4799
4906
6230
2174
178
4752
5686
4205
1255
493
6620
1210
1515
2100
1367
2864
2015
5818
3777
4191
2248
5310
6032
2937
2688
1727
6349
6268
3863
5902
958
2599
5749
4084
1855
5384
1862
4080
3426
5558
1112
4585
6535
3643
5596
4279
6368
3482
3282
2048
575
564
1606
4126
1594
3668
4680
5188
1264
2202
4756
2305
6696
6133
4815
6299
5497
5562
4235
2230
3138
674
1364
3294
6471
70
6176
1818
3362
4796
457
2821
2768
1652
5612
6358
4050
4263
4419
5296
1131
6156
464
445
4709
3224
1181
1348
1191
995
4377
6282
1345
1691
2450
2366
2428
4545
1096
6393
4967
1629
2397
6132
1570
6720
5074
998
4416
5534
1537
5708
2721
3802
549
2037
5538
5880
803
2166
320
4746
5451
5019
2068
2790
513
5101
2698
3216
330
4671
2221
831
1717
4843
6270
4239
4185
1783
1046
4808
2163
802
1315
3609
2769
1776
6671
4836
4184
1850
2467
4401
2628
5353
5394
2892
4286
2422
461
135
2878
5930
3171
3019
3569
2523
2710
5299
4966
3910
5873
5266
4207
5915
6472
1831
6188
6339
2720
2027
6293
3640
436
1975
4895
6186
3575
873
3996
351
6711
4477
1937
6784
3126
3990
1648
3881
2949
3022
2550
1827
498
3153
2268
2365
3473
4348
2376
68
5886
5378
1718
673
1649
5350
6541
2322
3853
5253
6431
2468
4905
6655
2473
6703
1222
67
1280
1509
1152
3619
387
865
0
2296
4676
1287
1685
5343
5317
43
2290
4489
6074
1689
2624
6303
4847
5128
1963
5184
2096
3832
4618
5045
3079
5585
6602
2392
4625
6313
613
6226
687
5367
3044
5098
5860
2136
3407
237
3244
6466
6736
5992
6695
5349
956
882
4514
6598
1955
6252
867
4775
6317
3220
296
3509
508
1977
5532
5934
6004
3497
2788
1077
1282
6487
342
4267
686
1137
5333
670
3025
4591
4723
6250
1132
1714
1411
3512
2338
6266
2740
6519
599
3437
6120
6218
6142
2132
1625
6227
2554
3278
279
6214
6018
5352
777
897
3394
5693
3544
4700
1061
3433
3239
2197
5659
5922
4969
6346
1736
1887
1111
5664
6224
4770
4940
2054
5539
4899
3556
550
2161
5096
693
116
2240
4782
2115
4803
5774
382
4918
3974
1195
5833
136
1436
999
4537
3438
6710
298
875
4609
3099
695
4823
2109
4381
1350
874
4679
1451
2882
4411
3589
4565
5246
2709
1299
6163
3267
4941
1553
3064
5879
5537
4182
79
3992
1056
5524
3728
6269
697
1409
1527
3865
4413
2970
6680
5204
1952
5722
6092
1858
2976
6777
331
4383
6715
4945
4200
2185
1231
3214
2781
6253
2658
694
2439
6138
2930
2641
2528
3827
5464
5680
2316
4098
5035
2055
468
963
1641
2547
3914
1950
3177
5648
3104
5790
3001
6511
4013
6288
6778
6635
3505
5443
1704
3877
143
894
1945
4282
907
5429
983
6057
1289
3976
4149
3809
1906
274
2616
3705
4853
4878
6705
6515
3263
4811
2292
1410
4120
1988
381
4750
5881
4258
2276
1321
6372
2901
1273
6484
1249
2258
6613
3247
4069
2156
358
2837
1478
1081
3465
4927
3658
3727
6570
5162
1445
1699
2152
6540
629
1037
4221
2765
120
3835
2899
5553
3072
4976
1163
5729
4391
5802
4866
1491
855
811
167
3421
3534
1956
2784
481
340
3005
2518
1725
646
5452
2491
52
6340
2880
3998
2373
1306
830
140
2920
814
826
3198
4867
3621
4217
6579
198
4174
1438
6006
92
2472
2521
4670
3269
2820
2581
6632
5239
3662
1196
4800
1276
561
4252
6334
1057
3659
3089
21
4319
2835
1030
1888
485
2771
4786
2695
1793
5641
944
3993
5042
4236
5313
1139
6310
4807
4550
1024
4649
6071
2925
2179
4713
2896
1194
3608
4522
6109
1473
2951
653
5401
1713
5794
2956
696
5541
2238
2067
5197
596
1805
967
5380
829
1351
4018
6291
1043
3193
6676
3515
3822
5020
6329
938
1385
4361
5786
111
5345
4389
852
5381
6647
5315
943
3694
4164
2046
66
4367
6287
4154
6341
4881
5244
6084
932
6400
4438
2894
3181
2011
1310
1480
6060
6068
2104
4316
5262
3255
1508
5977
5793
417
3779
6140
1217
1185
1525
4256
5199
945
5610
5505
3293
511
1705
3277
4341
6072
2401
5853
3817
4552
4418
4520
6660
2694
1283
89
3916
6179
2844
4987
5812
6552
5374
5674
2102
1304
4055
2214
4556
5706
2070
6485
3788
2811
3416
3716
2247
6542
6135
5738
6102
2222
952
186
6316
4421
1062
4334
4456
3068
2649
3162
2275
4451
3874
1721
1366
5405
2224
2243
1917
3086
4119
4266
4845
6583
5139
1070
1597
6568
3838
7
6095
3790
2086
4813
2533
6495
428
4886
4311
5611
514
5467
267
6066
5884
3305
2411
2323
666
4887
5590
1060
6756
76
2648
3319
813
5885
2475
3208
4044
5255
3443
5951
6772
6058
3007
4623
3371
1781
4730
926
1946
4168
4603
1025
5242
137
199
1128
1670
1054
3770
5277
3452
4049
4864
4278
5026
3159
3098
1124
681
3541
4849
601
2485
1564
3695
3536
5170
6637
5478
3898
5272
6364
5520
576
6457
166
2608
4142
4194
2337
23
4102
6234
6235
3037
1513
4463
3627
955
5827
3306
5005
4948
961
3462
1530
259
3248
150
204
6352
5615
4198
6594
1357
682
3103
383
6104
1346
56
4172
3332
4186
4237
869
229
2435
1987
6750
1003
774
889
5240
5845
5206
918
1755
5355
3938
6304
1920
6294
3060
6342
191
2336
2017
3554
6684
1812
5270
3403
960
888
6718
5113
1838
3984
4524
462
904
3971
5690
1080
1207
5268
6056
631
5510
431
3956
1033
3113
6483
3031
5983
2699
5751
648
3847
492
765
5123
3165
4241
6527
2119
1859
4515
580
3958
2948
548
5044
1780
1505
3904
532
5186
5269
667
2470
4121
6717
6482
5914
2246
4675
3623
2850
3514
5848
2541
781
5033
1296
2806
4007
724
3746
5243
3076
3209
2375
618
1596
3456
2414
2178
4575
744
946
5229
125
1872
4931
6075
4716
2885
4373
1202
3799
1040
2089
4597
1560
4248
3581
6051
2692
2668
6308
1213
5981
1782
5673
142
2634
542
6382
4010
1415
3964
2013
3811
4104
792
6434
248
4225
231
4706
25
1439
2783
6220
4213
5542
215
3160
2659
730
1374
5474
1890
3010
1712
2639
3634
4402
2462
947
6307
848
3137
1583
2742
4030
5503
5099
6486
2301
30
1300
36
3917
4208
3588
5301
6128
5326
5668
4178
3152
3840
1161
1609
224
4040
753
1008
4072
257
327
6103
2917
2802
5365
3339
763
100
5991
1965
6203
2513
159
6077
5337
6771
2950
3924
3191
531
4255
603
3862
5575
6387
1486
1481
660
622
2126
176
4856
2660
4657
3250
230
6692
1846
1297
1417
2446
4352
2548
5274
315
965
3074
2343
4345
1589
4359
4855
5351
3175
2300
1621
6754
4204
6178
5383
3002
6463
5545
310
1416
4396
941
220
185
1885
2502
472
4641
3467
6311
4112
5676
3624
3331
3368
2708
5773
3785
2235
2270
5347
482
497
4952
1242
4766
6205
584
5103
990
3500
4459
3032
2274
776
2770
3341
2302
3989
4693
1763
4636
4749
5661
3757
2575
6417
992
5132
6794
2341
2605
3978
1272
993
4599
5088
1089
2052
1676
258
3816
6788
1814
75
6669
3755
5329
5012
4379
123
6593
5025
5256
3237
6333
4448
6596
1492
4979
4760
6659
1531
347
2444
1543
4057
6298
1468
5903
408
499
2093
3570
3647
6028
3173
608
6687
4605
466
4090
928
1397
2348
6773
6605
2851
6571
4690
1752
5037
5996
702
4321
2754
2486
5703
1784
5819
5376
1836
2839
3485
6409
1301
4882
3240
643
6325
5
1822
2162
5386
5531
3945
3382
2241
3366
6118
4408
4498
2236
1483
3523
3496
3593
3440
3176
5557
4492
3120
6222
757
6504
3201
3390
6089
227
2552
4323
1443
2226
3451
106
2400
752
1369
4275
3070
2113
4076
678
2532
1412
4702
4259
272
3080
5427
3812
6362
5469
1748
1919
4360
1180
612
1813
619
1331
335
3015
5571
3572
4020
4852
4876
1853
6013
5746
107
4549
6271
3299
4412
2565
3484
2995
4736
2219
4054
2030
1694
6489
987
4859
4751
4124
6427
291
3140
3435
3724
1259
4425
2164
6739
5259
1534
4062
3684
1933
3939
2524
1833
3860
200
5454
6285
5803
380
326
5891
453
5968
3235
4277
4048
3980
2884
5489
476
1806
3073
1518
2118
6691
5735
1668
2237
1981
3566
5250
4442
179
3340
5858
2456
6451
3654
5783
1190
3338
6704
6497
5771
316
5163
1329
101
1896
2564
394
325
1599
6530
2902
6117
5415
2682
6337
1842
5392
2750
2652
1942
954
4422
2419
5097
651
4791
5109
1895
5743
5795
6459
3261
5364
3222
1188
3460
4261
4333
6513
2912
5219
5600
4170
3745
3591
1650
5237
6061
3670
1099
3317
2577
2252
2019
3620
3409
5180
683
3803
5958
541
6436
1634
5997
4155
1429
6578
4446
4614
2761
5165
5231
1225
1361
6278
6577
348
5715
1549
1140
3077
1900
1017
3391
4043
6181
4483
6789
6193
1123
3131
722
6455
795
